# Example configuration:
# - velocity limits are around a 10% above the physical limits
# - acceleration limits are just low enough to avoid jerking

# Mandatory parameters
speed_lim_vx: 0.6
speed_lim_vy: 0.0
speed_lim_w: 0.7

accel_lim_vx: 0.4
accel_lim_vy: 0.0
accel_lim_w: 1.4

# Optional parameters
frequency: 20.0
decel_factor: 1.4
decel_factor_safe: 1.4

# Robot velocity feedback type:
#  0 - none
#  1 - odometry
#  2 - end robot commands
robot_feedback: 0

enable_laser: true

enable_velo: true

slow_distance_velo_x_front: 1.0
stop_distance_velo_x_front: 0.4
angle_left_x_front: -179.0
angle_right_x_front: 179.0

slow_distance_velo_x_back: 1.0
stop_distance_velo_x_back: 0.4
angle_left_x_back: 90.0
angle_right_x_back: -90.0

slow_distance_velo_rot_1: 1.0
stop_distance_velo_rot_1: 0.4
angle_left_rot_1: -109.0
angle_right_rot_1: -172.0

slow_distance_velo_rot_2: 1.0
stop_distance_velo_rot_2: 0.4
angle_left_rot_2: 50.0
angle_right_rot_2: -69.0

slow_distance_velo_rot_3: 1.0
stop_distance_velo_rot_3: 0.4
angle_left_rot_3: -50.0
angle_right_rot_3: 69.0

slow_distance_velo_rot_4: 1.3
stop_distance_velo_rot_4: 0.4
angle_left_rot_4: 109.0
angle_right_rot_4: 172.0

filter_thres: 0.5
filter_field: 3
debug_filter: false

people_stop_polygon: [[-0.775378,0.911013],[-0.525486,1.14697],[-0.157578,1.23914],[0.238039,1.21547],[0.573211,1.11056],[0.845073,0.900812],[1.04618,0.611471],[1.14035,0.340121],[1.1537,-0.00924453],[1.12849,-0.432967],[0.959172,-0.830139],[0.672725,-1.11017],[0.344628,-1.25798],[-0.0159024,-1.2823],[-0.363062,-1.23774],[-0.699225,-1.095],[-0.90494,-0.89172],[-0.472896,0.0100361]]

people_slow_polygon: [[-0.775378,0.911013],[-0.525486,1.14697],[-0.157578,1.23914],[0.238039,1.21547],[0.573211,1.11056],[0.845073,0.900812],[1.04618,0.611471],[1.14035,0.340121],[1.1537,-0.00924453],[1.12849,-0.432967],[0.959172,-0.830139],[0.672725,-1.11017],[0.344628,-1.25798],[-0.0159024,-1.2823],[-0.363062,-1.23774],[-0.699225,-1.095],[-0.90494,-0.89172],[-0.472896,0.0100361]]

enable_spencer: false
